 --- RESULTS --- 
Dataset topology:  1
Runs per dataset:  10
Algorithm:  ALNS-TB
t_ini:  6.1
Notes:  Statistical tests 

DS1_U : [2.77580180414712, 0.012314297717097819, 0.9557, 1415.4, 31.639840110554985, 112.09389073848725]
DS2_U : [2.854707911037191, 0.01249017089221834, 0.9815999999999999, 1858.2, 100.43060732911948, 226.11269068717957]
DS3_U : [2.8666488522436646, 0.006914436234476927, 0.9801000000000002, 1662.0, 179.88439150821304, 717.344673371315]
DS4_U : [2.4536978024753915, 0.01419375405688141, 0.8523, 5239.9, 156.1622959612735, 607.6366319656372]
DS5_U : [2.674618474703117, 0.01716248262253387, 0.9576499999999999, 6987.7, 334.8477865796468, 2734.2775173425675]
DS6_U : [2.663517039087325, 0.01802981789124545, 0.9545749999999998, 7004.4, 745.8563990363448, 5438.542946219444]

--- BEST FOUND SOLUTIONS --- 

DS1_U : [1, 0, 0, 0, 0, 2, 0, 0, 0, 4, 4, 0, 1, 4, 0, 0, 0, 0, 1, 1, 0, 0, 4, 4, 2, 0, 4, 0, 0, 1, 0, 1, 0, 0, 0, 0, 0, 4, 4, 0, 0, 0, 0, 2, 0, 1, 2, 0, 2, 0]
DS2_U : [2, 0, 0, 3, 2, 0, 2, 4, 0, 0, 0, 4, 0, 1, 0, 2, 2, 0, 0, 1, 0, 1, 0, 0, 2, 2, 0, 0, 1, 0, 1, 0, 1, 0, 0, 0, 0, 0, 0, 0, 0, 0, 0, 0, 0, 0, 0, 0, 4, 1, 1, 0, 0, 2, 0, 0, 0, 0, 0, 4, 1, 1, 1, 0, 0, 0, 0, 2, 1, 0, 0, 0, 0, 0, 0, 1, 0, 4, 4, 0, 0, 1, 1, 0, 4, 0, 4, 1, 3, 0, 1, 4, 0, 2, 0, 0, 2, 0, 0, 0]
DS3_U : [0, 0, 0, 0, 2, 0, 0, 0, 1, 1, 4, 0, 1, 0, 0, 4, 0, 0, 0, 0, 0, 0, 0, 0, 0, 0, 0, 0, 0, 4, 0, 2, 0, 0, 0, 0, 1, 0, 0, 4, 4, 0, 2, 0, 0, 0, 0, 0, 0, 1, 1, 0, 0, 0, 0, 0, 0, 0, 0, 0, 0, 0, 1, 0, 2, 0, 1, 0, 0, 0, 0, 0, 3, 2, 1, 0, 0, 0, 0, 0, 0, 0, 2, 2, 0, 2, 0, 0, 0, 4, 0, 4, 0, 0, 0, 1, 2, 0, 4, 0]
DS4_U : [2, 2, 4, 2, 1, 0, 4, 4, 0, 4, 1, 4, 1, 2, 2, 4, 1, 0, 3, 3, 3, 0, 0, 2, 4, 4, 1, 1, 1, 2, 4, 4, 3, 1, 2, 0, 2, 0, 1, 0, 2, 4, 0, 0, 0, 1, 4, 1, 4, 0, 4, 4, 0, 0, 0, 4, 2, 0, 0, 1, 1, 2, 2, 2, 3, 4, 2, 4, 1, 0, 1, 0, 2, 2, 1, 0, 1, 0, 1, 1, 0, 2, 4, 4, 0, 2, 4, 4, 4, 0, 3, 0, 1, 4, 4, 4, 0, 3, 2, 3]
DS5_U : [4, 1, 1, 1, 0, 0, 0, 2, 1, 4, 1, 0, 0, 4, 1, 3, 0, 1, 4, 1, 4, 0, 0, 0, 0, 1, 4, 4, 4, 0, 4, 4, 2, 0, 2, 2, 1, 3, 4, 0, 1, 0, 2, 2, 0, 0, 0, 0, 0, 0, 0, 4, 0, 0, 4, 1, 2, 0, 0, 2, 3, 0, 0, 0, 0, 4, 4, 2, 2, 1, 0, 4, 4, 0, 1, 2, 3, 1, 1, 0, 3, 3, 3, 2, 1, 0, 0, 0, 0, 3, 0, 0, 0, 1, 0, 0, 0, 0, 3, 4, 2, 0, 1, 0, 1, 3, 1, 1, 0, 4, 0, 0, 0, 0, 4, 0, 3, 0, 3, 0, 4, 4, 0, 2, 4, 1, 0, 1, 0, 0, 2, 0, 1, 1, 2, 4, 4, 0, 2, 4, 2, 3, 0, 0, 3, 0, 0, 1, 2, 0, 2, 0, 4, 1, 0, 2, 2, 0, 0, 0, 1, 0, 4, 3, 2, 0, 0, 3, 2, 0, 0, 0, 0, 4, 0, 0, 4, 3, 1, 1, 0, 0, 2, 2, 0, 0, 0, 0, 2, 1, 0, 0, 1, 4, 2, 0, 0, 2, 1, 4]
DS6_U : [4, 1, 0, 0, 0, 4, 0, 2, 4, 3, 2, 4, 2, 0, 3, 1, 0, 2, 1, 0, 3, 0, 0, 1, 1, 0, 2, 0, 2, 4, 0, 4, 3, 0, 0, 0, 0, 2, 0, 0, 4, 3, 2, 1, 4, 1, 0, 2, 1, 4, 0, 0, 4, 4, 2, 0, 1, 2, 4, 0, 3, 1, 4, 0, 2, 1, 0, 2, 3, 1, 0, 1, 1, 0, 1, 4, 2, 4, 4, 0, 4, 0, 3, 0, 0, 4, 1, 1, 0, 0, 2, 3, 2, 0, 0, 0, 0, 0, 1, 1, 0, 3, 0, 3, 4, 1, 0, 0, 2, 2, 0, 0, 0, 2, 4, 2, 4, 0, 1, 0, 4, 3, 0, 2, 1, 0, 4, 4, 0, 4, 2, 1, 0, 4, 1, 1, 4, 1, 4, 3, 0, 0, 3, 2, 0, 3, 1, 0, 0, 1, 1, 4, 0, 4, 4, 2, 1, 0, 1, 2, 1, 2, 1, 0, 0, 0, 4, 1, 2, 2, 1, 2, 1, 0, 0, 0, 0, 2, 1, 0, 0, 0, 0, 1, 0, 4, 1, 3, 0, 4, 1, 1, 2, 1, 0, 1, 0, 4, 2, 1]
