 --- RESULTS --- 
Dataset topology:  1
Runs per dataset:  10
Algorithm:  SA-C
t_ini:  6.1
t_end:  0.0034
n_neighbors:  4
Notes:  Statistical tests 

DS1_U : [2.7687901728579027, 0.014435568282372573, 0.9742, 1578.8, 43.56674411612016, 113.96858537197113]
DS2_U : [2.79486661207571, 0.01257913932544568, 0.9949, 2484.0, 281.7133603589101, 225.9777829170227]
DS3_U : [2.8060259370554475, 0.020358418428540033, 0.9897, 2189.4, 570.0853838372326, 654.5783095121384]
DS4_U : [2.4994001730246533, 0.017675752437038315, 0.8826499999999999, 5284.7, 127.95846943535564, 572.2719626903533]
DS5_U : [2.6015098382559403, 0.01570366571104955, 0.9848500000000001, 8724.2, 538.4252607215408, 2462.385493540764]
DS6_U : [2.608021074978233, 0.020054739413164473, 0.9741, 8287.9, 1060.4119889601293, 5035.970625019074]

--- BEST FOUND SOLUTIONS --- 

DS1_U : [2, 1, 4, 1, 1, 4, 2, 1, 2, 2, 3, 1, 1, 0, 0, 0, 4, 1, 0, 1, 2, 2, 1, 4, 2, 0, 4, 0, 1, 1, 0, 4, 0, 4, 1, 2, 0, 4, 2, 0, 2, 1, 2, 1, 0, 0, 1, 4, 2, 1]
DS2_U : [3, 1, 1, 3, 1, 2, 1, 4, 2, 1, 1, 3, 2, 4, 4, 3, 2, 1, 2, 1, 2, 2, 2, 2, 1, 1, 1, 2, 2, 0, 1, 1, 1, 2, 3, 2, 2, 1, 3, 3, 2, 2, 3, 1, 3, 1, 2, 1, 1, 3, 2, 3, 4, 1, 1, 1, 0, 2, 4, 2, 2, 2, 0, 3, 4, 4, 0, 0, 1, 1, 0, 1, 1, 3, 4, 1, 1, 1, 1, 4, 1, 2, 1, 0, 3, 2, 2, 2, 0, 3, 3, 1, 2, 2, 2, 1, 0, 1, 2, 1]
DS3_U : [2, 2, 1, 1, 2, 4, 4, 1, 1, 1, 4, 2, 2, 1, 1, 2, 1, 2, 1, 1, 2, 2, 1, 2, 2, 3, 0, 0, 1, 3, 1, 1, 2, 2, 1, 2, 1, 3, 1, 3, 1, 4, 1, 2, 2, 2, 1, 2, 1, 4, 1, 2, 2, 1, 2, 1, 1, 3, 0, 1, 0, 2, 2, 4, 2, 4, 1, 1, 4, 2, 2, 1, 2, 1, 1, 2, 1, 1, 0, 1, 0, 2, 2, 4, 2, 2, 3, 2, 3, 1, 1, 2, 1, 3, 1, 3, 2, 1, 2, 2]
DS4_U : [4, 2, 2, 4, 1, 1, 3, 4, 2, 4, 2, 2, 2, 3, 2, 4, 4, 1, 1, 2, 4, 4, 3, 1, 1, 4, 1, 1, 4, 1, 2, 4, 2, 1, 2, 1, 2, 2, 3, 1, 2, 4, 1, 2, 4, 2, 2, 1, 2, 2, 2, 3, 2, 1, 4, 1, 1, 4, 1, 2, 4, 1, 4, 2, 0, 2, 2, 4, 1, 1, 2, 1, 4, 3, 1, 2, 2, 1, 2, 2, 3, 3, 4, 2, 2, 4, 2, 4, 1, 4, 3, 2, 2, 4, 0, 4, 4, 4, 3, 1]
DS5_U : [2, 2, 3, 2, 3, 3, 2, 2, 4, 4, 3, 1, 1, 1, 4, 3, 4, 1, 2, 0, 1, 2, 2, 2, 3, 3, 1, 3, 4, 2, 2, 3, 0, 3, 4, 3, 4, 3, 3, 3, 4, 4, 1, 3, 3, 2, 2, 3, 3, 3, 2, 2, 4, 3, 2, 2, 2, 2, 3, 2, 2, 1, 1, 1, 2, 2, 3, 4, 3, 3, 4, 2, 2, 2, 1, 3, 2, 4, 4, 4, 2, 2, 2, 3, 2, 1, 4, 4, 1, 4, 4, 2, 1, 4, 2, 1, 1, 1, 3, 0, 3, 4, 2, 2, 2, 3, 4, 3, 2, 1, 1, 1, 2, 4, 3, 1, 3, 4, 1, 2, 3, 1, 4, 3, 1, 2, 2, 1, 1, 4, 3, 2, 3, 4, 3, 3, 2, 1, 2, 4, 1, 1, 2, 4, 2, 2, 4, 3, 1, 1, 3, 2, 2, 4, 1, 4, 3, 4, 2, 1, 2, 2, 4, 1, 2, 2, 2, 2, 1, 1, 3, 2, 1, 1, 2, 3, 1, 1, 2, 2, 2, 3, 2, 2, 4, 2, 4, 4, 1, 1, 3, 1, 1, 2, 4, 2, 2, 2, 1, 2]
DS6_U : [2, 1, 1, 4, 0, 1, 1, 2, 4, 2, 1, 3, 2, 2, 2, 1, 1, 3, 2, 1, 1, 4, 2, 2, 2, 2, 2, 4, 2, 2, 1, 2, 1, 1, 1, 1, 2, 1, 1, 2, 2, 2, 2, 3, 3, 1, 2, 4, 1, 3, 1, 4, 1, 2, 1, 1, 4, 3, 1, 4, 1, 2, 3, 2, 2, 4, 4, 4, 1, 2, 2, 1, 2, 3, 3, 2, 1, 4, 3, 1, 2, 3, 2, 2, 2, 3, 4, 1, 4, 2, 1, 3, 1, 4, 2, 2, 1, 4, 2, 1, 2, 1, 3, 1, 1, 1, 1, 1, 1, 2, 4, 4, 2, 2, 3, 2, 4, 4, 1, 4, 4, 3, 1, 4, 4, 2, 4, 2, 2, 3, 1, 3, 1, 4, 1, 1, 1, 3, 2, 1, 4, 1, 1, 1, 4, 4, 3, 1, 1, 4, 2, 1, 3, 1, 1, 1, 1, 3, 4, 1, 1, 2, 3, 3, 4, 4, 2, 2, 3, 4, 1, 1, 4, 3, 1, 2, 2, 1, 3, 3, 4, 2, 2, 4, 2, 1, 3, 4, 2, 4, 1, 4, 2, 2, 2, 3, 4, 2, 2, 1]
