 --- RESULTS --- 
Dataset topology:  1
Runs per dataset:  10
Algorithm:  ALNS-TH
Notes:  Statistical test 

DS1_U : [2.78212228976757, 0.014129741930956953, 0.9574, 1380.0, 30.637222580196738, 104.92621307373047]
DS2_U : [2.871349083906779, 0.013964489220446304, 0.9776, 1653.0, 57.19457964926255, 223.47300837039947]
DS3_U : [2.879176651865292, 0.008107958600055198, 0.98095, 1585.4, 108.8186904253615, 624.8459232091903]
DS4_U : [2.5623646355636107, 0.018090666304761673, 0.82495, 4112.0, 43.47937391599224, 625.3237119674683]
DS5_U : [2.7707295263690606, 0.012372951775928273, 0.9495000000000001, 5426.7, 95.2619939378352, 2820.876916480064]
DS6_U : [2.7682183266525606, 0.008471718434623857, 0.9406000000000001, 5216.4, 191.45613438788843, 5494.625491738319]

--- BEST FOUND SOLUTIONS --- 

DS1_U : [0, 0, 0, 0, 0, 0, 0, 0, 0, 0, 0, 0, 0, 0, 4, 0, 0, 0, 0, 0, 0, 0, 4, 0, 1, 0, 4, 0, 0, 4, 0, 4, 0, 0, 0, 4, 4, 4, 0, 0, 0, 0, 0, 0, 0, 2, 0, 0, 0, 0]
DS2_U : [0, 0, 0, 0, 0, 1, 0, 4, 1, 0, 0, 0, 2, 0, 0, 1, 0, 2, 0, 0, 0, 0, 0, 0, 4, 0, 4, 1, 0, 4, 1, 0, 0, 0, 0, 0, 0, 0, 0, 4, 0, 4, 0, 2, 0, 0, 4, 0, 0, 1, 0, 0, 0, 1, 0, 0, 0, 1, 0, 0, 0, 0, 0, 0, 0, 0, 0, 0, 0, 4, 0, 4, 0, 3, 0, 0, 0, 0, 0, 2, 0, 0, 1, 0, 0, 0, 2, 0, 0, 0, 0, 0, 0, 1, 0, 0, 0, 0, 0, 0]
DS3_U : [0, 0, 0, 0, 0, 0, 0, 0, 0, 0, 0, 1, 0, 0, 0, 0, 0, 0, 0, 0, 0, 0, 0, 1, 0, 4, 0, 0, 0, 0, 4, 0, 0, 0, 0, 0, 0, 0, 0, 1, 1, 0, 3, 0, 0, 0, 0, 0, 0, 0, 0, 0, 0, 0, 0, 1, 0, 1, 0, 0, 0, 0, 0, 4, 2, 0, 0, 0, 0, 0, 0, 4, 0, 0, 0, 0, 0, 0, 0, 0, 0, 0, 0, 4, 0, 0, 0, 0, 4, 0, 0, 0, 0, 4, 4, 0, 0, 4, 0, 0]
DS4_U : [0, 0, 0, 4, 0, 4, 4, 0, 0, 1, 0, 1, 0, 4, 4, 4, 4, 0, 0, 4, 0, 0, 2, 0, 0, 4, 0, 0, 1, 2, 1, 2, 0, 0, 0, 0, 0, 0, 0, 2, 1, 3, 0, 0, 0, 0, 0, 4, 4, 0, 0, 0, 0, 0, 4, 0, 0, 0, 0, 4, 4, 1, 0, 1, 1, 1, 0, 0, 0, 0, 1, 0, 1, 0, 0, 1, 1, 0, 0, 2, 0, 4, 4, 0, 0, 0, 0, 4, 0, 4, 0, 0, 0, 4, 1, 4, 4, 4, 1, 0]
DS5_U : [4, 0, 4, 0, 1, 1, 0, 0, 0, 0, 4, 0, 0, 0, 1, 0, 1, 0, 0, 1, 0, 0, 0, 0, 0, 0, 0, 0, 4, 0, 0, 4, 0, 0, 1, 0, 1, 0, 0, 0, 4, 0, 0, 1, 4, 0, 1, 0, 4, 1, 4, 0, 0, 0, 0, 0, 1, 3, 4, 0, 2, 0, 0, 0, 0, 1, 0, 3, 0, 4, 0, 0, 0, 4, 0, 0, 4, 2, 0, 0, 0, 0, 0, 1, 0, 2, 4, 0, 2, 0, 0, 0, 0, 2, 0, 0, 0, 0, 0, 0, 0, 0, 0, 0, 1, 0, 0, 1, 0, 0, 0, 0, 0, 0, 0, 0, 0, 4, 0, 4, 4, 0, 2, 0, 2, 0, 0, 0, 0, 2, 0, 0, 0, 1, 2, 0, 1, 0, 1, 0, 1, 4, 2, 0, 0, 4, 0, 0, 2, 0, 3, 0, 0, 0, 0, 1, 4, 1, 0, 0, 4, 3, 4, 0, 2, 0, 0, 0, 0, 2, 1, 4, 0, 0, 0, 0, 1, 1, 0, 0, 4, 0, 0, 0, 0, 4, 0, 4, 1, 0, 0, 0, 4, 3, 0, 0, 0, 0, 0, 0]
DS6_U : [0, 0, 0, 1, 3, 0, 1, 4, 2, 0, 0, 0, 0, 2, 1, 0, 2, 0, 0, 0, 0, 0, 0, 4, 0, 0, 0, 1, 1, 0, 2, 0, 0, 2, 0, 0, 1, 0, 0, 0, 1, 0, 0, 1, 0, 4, 0, 0, 0, 0, 1, 3, 0, 1, 4, 0, 4, 0, 0, 0, 0, 0, 0, 0, 4, 0, 4, 0, 0, 0, 2, 0, 0, 2, 2, 4, 0, 0, 0, 0, 0, 0, 0, 0, 0, 2, 0, 0, 1, 0, 0, 4, 1, 0, 1, 4, 0, 4, 0, 0, 0, 1, 0, 0, 0, 0, 0, 0, 0, 1, 1, 1, 1, 4, 0, 1, 4, 1, 4, 0, 2, 0, 0, 4, 0, 4, 0, 0, 4, 1, 0, 0, 0, 0, 0, 0, 0, 0, 0, 0, 0, 0, 0, 0, 4, 0, 1, 0, 0, 0, 4, 0, 4, 4, 0, 0, 0, 2, 1, 4, 0, 0, 0, 0, 0, 0, 2, 4, 0, 4, 0, 4, 4, 0, 0, 0, 0, 0, 0, 0, 0, 0, 1, 0, 0, 0, 1, 0, 0, 2, 1, 1, 4, 0, 2, 0, 0, 1, 0, 2]
