 --- RESULTS --- 
Dataset topology:  1
Runs per dataset:  10
Algorithm:  ALNS-TP
t_ini:  6.1
Notes:  Statistics 

DS1_U : [2.7852603947290175, 0.013388950102601918, 0.9632, 1408.4, 29.618822085269365, 106.51646990776062]
DS2_U : [2.8773966109874083, 0.00938909215564958, 0.9863, 1698.7, 57.39362656839025, 215.78152549266815]
DS3_U : [2.8825550950679975, 0.007534435378500781, 0.9821500000000001, 1553.2, 105.5242329192971, 657.7622831344604]
DS4_U : [2.5552257608441837, 0.016946323602142353, 0.8294499999999999, 4218.5, 52.22307275318883, 631.2564662456513]
DS5_U : [2.7447169796777757, 0.013588411772331622, 0.9484, 5747.2, 158.53226508777325, 2751.8833333969114]
DS6_U : [2.734497507985637, 0.01326657327671882, 0.931525, 5501.0, 326.91263068934154, 5223.108679294586]

--- BEST FOUND SOLUTIONS --- 

DS1_U : [0, 0, 0, 0, 0, 0, 0, 0, 0, 0, 0, 2, 0, 0, 0, 0, 4, 0, 0, 0, 0, 0, 1, 0, 0, 0, 4, 0, 0, 0, 0, 4, 0, 4, 0, 0, 4, 4, 0, 0, 1, 0, 2, 0, 0, 0, 4, 4, 0, 0]
DS2_U : [0, 0, 0, 1, 0, 0, 4, 0, 0, 0, 1, 0, 0, 0, 0, 0, 4, 0, 0, 0, 0, 0, 2, 2, 4, 1, 0, 4, 1, 0, 0, 0, 1, 0, 1, 2, 2, 0, 0, 0, 1, 1, 0, 0, 0, 0, 4, 0, 0, 2, 0, 0, 0, 0, 0, 0, 0, 0, 4, 1, 1, 0, 0, 0, 4, 0, 0, 1, 0, 2, 0, 0, 0, 0, 0, 0, 0, 0, 0, 0, 0, 0, 4, 0, 0, 0, 0, 1, 4, 0, 0, 0, 0, 1, 2, 0, 0, 0, 0, 0]
DS3_U : [0, 0, 0, 0, 2, 0, 0, 0, 0, 0, 4, 0, 0, 4, 0, 0, 0, 0, 0, 1, 0, 0, 2, 0, 0, 4, 0, 0, 0, 0, 0, 4, 1, 0, 1, 0, 0, 0, 0, 0, 1, 2, 0, 1, 0, 0, 0, 0, 1, 3, 0, 2, 0, 0, 0, 0, 1, 0, 1, 1, 0, 0, 0, 4, 0, 2, 0, 0, 0, 0, 0, 0, 0, 4, 0, 0, 4, 0, 1, 1, 0, 0, 0, 0, 0, 0, 0, 0, 0, 0, 0, 0, 0, 4, 0, 1, 2, 4, 1, 0]
DS4_U : [4, 1, 4, 4, 0, 0, 4, 0, 0, 4, 0, 1, 0, 3, 3, 0, 0, 0, 1, 2, 2, 0, 0, 0, 0, 4, 0, 4, 1, 1, 2, 4, 0, 0, 1, 0, 0, 0, 0, 4, 1, 0, 4, 0, 4, 4, 1, 0, 0, 0, 0, 4, 0, 0, 4, 0, 0, 0, 0, 0, 4, 3, 1, 0, 1, 1, 1, 0, 0, 4, 1, 0, 1, 0, 0, 1, 1, 4, 0, 4, 0, 0, 4, 4, 0, 4, 4, 4, 0, 0, 0, 0, 1, 2, 0, 1, 0, 1, 4, 1]
DS5_U : [4, 0, 1, 0, 3, 4, 2, 0, 0, 0, 0, 0, 4, 0, 3, 2, 1, 4, 4, 1, 3, 0, 0, 0, 0, 4, 1, 1, 4, 1, 4, 0, 0, 0, 0, 1, 2, 0, 2, 0, 0, 0, 0, 2, 1, 2, 3, 0, 2, 0, 0, 0, 4, 3, 1, 4, 1, 0, 0, 0, 2, 0, 4, 4, 0, 0, 0, 0, 0, 0, 1, 0, 0, 0, 0, 1, 0, 0, 2, 2, 0, 0, 0, 1, 0, 0, 0, 1, 2, 4, 0, 4, 0, 0, 0, 1, 4, 0, 0, 2, 0, 4, 1, 0, 1, 0, 0, 0, 0, 0, 0, 0, 4, 4, 3, 0, 0, 0, 2, 4, 0, 4, 0, 1, 4, 1, 0, 2, 0, 0, 0, 0, 0, 1, 2, 0, 0, 2, 1, 1, 0, 0, 0, 0, 2, 1, 0, 4, 0, 0, 2, 0, 3, 0, 0, 3, 4, 0, 0, 0, 2, 0, 4, 0, 1, 0, 4, 0, 0, 4, 0, 1, 1, 0, 1, 4, 1, 3, 0, 1, 1, 1, 0, 0, 0, 0, 0, 4, 2, 0, 0, 1, 2, 0, 0, 1, 0, 1, 0, 4]
DS6_U : [0, 0, 0, 1, 4, 1, 2, 0, 0, 0, 1, 0, 0, 0, 4, 2, 2, 4, 1, 4, 3, 0, 2, 0, 0, 1, 2, 2, 0, 4, 0, 4, 0, 0, 0, 0, 0, 1, 0, 0, 0, 0, 0, 2, 2, 4, 0, 0, 2, 0, 4, 0, 1, 0, 0, 4, 4, 0, 0, 4, 0, 0, 0, 1, 4, 1, 0, 0, 0, 0, 0, 0, 1, 0, 0, 1, 0, 0, 2, 1, 4, 0, 0, 0, 2, 0, 1, 0, 0, 2, 0, 0, 0, 1, 4, 1, 0, 0, 0, 4, 0, 0, 2, 0, 2, 2, 0, 4, 1, 3, 0, 0, 0, 2, 0, 3, 1, 2, 0, 4, 0, 0, 0, 0, 4, 0, 0, 0, 4, 2, 1, 1, 4, 1, 0, 3, 2, 0, 1, 1, 0, 1, 4, 4, 1, 0, 2, 3, 1, 1, 0, 1, 4, 4, 0, 0, 0, 1, 4, 0, 3, 4, 0, 1, 0, 0, 4, 0, 4, 4, 0, 0, 4, 0, 4, 0, 2, 0, 2, 0, 0, 0, 0, 0, 0, 0, 0, 3, 0, 1, 1, 0, 1, 0, 0, 0, 0, 2, 2, 3]